0
0
0
0
0
0
0
0
0
0
0
0
0
0
0
0
0
0
0
0
0
0
0
0
0
0
0
0
0
0
0
0
0
0
0
0
0
0
32.28552987
16.27334742
16.27334742
16.27334742
25.73167219
30.51971085
47.5167146
62.20555162
0
0
0
0
0
0
0
0
0
0
0
0
0
0
0
0
0
0
0
0
0
0
0
0
0
0
0
0
0
0
0
0
0
0
0
0
0
0
0
0
0
0
0
0
0
0
32.28552987
16.27334742
16.27334742
16.27334742
25.73167219
30.51971085
47.5167146
62.20555162
0
0
0
0
0
0
0
0
0
0
0
0
0
0
0
0
0
0
0
0
0
0
0
0
0
0
0
0
0
0
0
0
0
0
0
0
0
0
15.45606083
15.45606083
15.45606083
25.72911791
42.84281421
21.17358085
21.17358085
21.17358085
32.28552987
16.27334742
16.27334742
16.27334742
25.73167219
30.51971085
47.5167146
62.20555162
0
0
0
0
0
0
0
0
0
0
0
0
0
0
0
0
0
0
0
0
0
0
0
0
0
0
0
0
0
0
0
0
0
0
0
0
0
0
15.45606083
15.45606083
15.45606083
25.72911791
42.84281421
21.17358085
21.17358085
21.17358085
32.28552987
40.82016184
16.27334742
16.27334742
25.73167219
30.51971085
47.5167146
62.20555162
0
0
0
0
0
0
0
0
0
0
0
0
0
0
0
0
0
0
0
0
0
0
0
0
0
0
0
0
0
0
0
0
0
0
0
0
0
0
15.45606083
15.45606083
15.45606083
25.72911791
42.84281421
46.07792289
21.17358085
21.17358085
32.28552987
40.82016184
55.97421907
16.27334742
25.73167219
30.51971085
47.5167146
62.20555162
0
0
0
0
0
0
0
0
0
0
0
0
0
0
0
0
0
0
0
0
0
0
0
0
0
0
0
0
0
0
0
0
0
0
0
0
0
0
45.72029
15.45606083
15.45606083
25.72911791
42.84281421
46.07792289
55.92313569
21.17358085
32.28552987
40.82016184
55.97421907
79.06585296
80.10038978
88.02391269
86.02247539
83.49212038
0
0
0
0
0
0
0
0
0
0
0
0
0
0
0
0
0
0
0
0
0
0
0
0
0
0
0
0
0
0
0
0
0
0
13.67701022
13.67701022
15.30331129
24.70659136
45.72029
54.76971016
15.45606083
25.72911791
42.84281421
46.07792289
55.92313569
83.15875349
87.78467928
82.09681894
95.40085451
103.4277094
98.9409609
91.67460804
86.67655203
82.91101927
79.3123139
80.9346548
60.6714001
37.10701816
0
0
0
0
0
0
0
0
0
0
0
0
0
0
0
0
0
0
0
0
0
0
0
0
0
0
0
0
0
0
42.09825857
13.67701022
15.30331129
24.70659136
45.72029
54.76971016
72.01967231
83.92505356
99.08557471
96.43799759
85.07258049
99.47461123
100.3390416
97.51914964
97.02182054
93.29521861
92.82559941
83.91261917
80.27215186
75.89643368
73.50329266
78.79592111
72.5189315
62.61829426
0
0
0
0
0
0
0
0
0
0
0
0
0
0
0
0
0
0
18.85571164
27.74327046
38.82417889
14.11354034
14.11354034
16.12777114
27.597839
33.21958299
56.00323499
13.57457957
17.4030369
26.1655957
42.09825857
61.00418932
71.94177109
82.24354127
82.13346038
105.9216508
103.639889
99.24891932
100.7858918
97.28611688
96.90522469
95.16948923
93.5788709
90.26522575
88.75119392
84.6120585
80.01865228
76.08890516
73.64621289
71.95882733
68.28946043
64.05088472
62.90097556
54.99381533
42.01414229
37.52153153
25.01175014
25.01175014
0
0
0
0
0
0
0
0
0
0
0
0
0
0
18.85571164
27.74327046
38.82417889
46.90369263
14.11354034
16.12777114
27.597839
33.21958299
56.00323499
63.23185434
67.10757445
70.07133837
87.23094401
96.58231245
103.2995128
100.7564192
96.12807501
99.7507772
96.60528748
94.84491523
92.6237809
91.1079654
90.88553043
87.91212058
83.65052364
79.74403379
77.11043392
75.15333365
73.62775781
70.95068372
68.85434909
65.73789928
60.77136277
53.77755818
45.4051153
36.37413918
29.12561855
26.3025063
22.7986691
22.7986691
36.15047229
36.15047229
15.93815741
15.93815741
15.93815741
22.79690328
32.9690238
13.81617838
13.81617838
18.49712747
33.34045846
45.68602851
49.95940611
14.83884186
18.85571164
27.74327046
38.82417889
46.90369263
64.89486868
71.48581071
88.47331378
102.8076628
99.68370663
88.33973871
82.78985766
86.2995659
91.18669455
98.11311143
98.22711864
97.16535768
95.68224522
93.03847492
89.87307633
87.64925304
84.27952614
81.72830902
79.6510962
76.58262227
74.57111345
72.65002277
71.32878862
70.3299699
67.50681132
64.99339406
61.43295668
56.07896629
48.29411937
40.06233964
32.90589235
26.39329073
21.20313605
16.90261335
0
0
36.15047229
36.15047229
43.18342726
15.93815741
15.93815741
22.79690328
32.9690238
55.34922478
13.81617838
18.49712747
33.34045846
45.68602851
49.95940611
68.38615838
84.00621151
86.13587039
101.3875247
110.0875533
125.5452594
148.2156955
139.8075829
121.6815727
105.6996843
93.45937936
93.40897021
94.59876122
95.46843937
95.95376746
93.54734111
90.26538003
88.45215818
84.79619166
81.67570464
78.73610803
75.98088548
73.81253361
72.10146294
70.68975841
68.41458002
67.21709005
65.56310424
63.00566419
59.83520637
54.89552557
49.24585349
41.79917694
34.80314869
28.78519128
23.40640939
18.74671109
18.74671109
16.90261335
0
0
36.15047229
36.15047229
43.18342726
63.77610221
15.93815741
22.79690328
32.9690238
55.34922478
56.28614213
67.40159765
91.70814039
106.5589359
137.7399867
152.5210532
136.6162668
138.7546301
154.37669
154.3562885
148.6725439
133.9480476
120.6204491
107.8337478
98.45996636
94.98066778
91.91384491
89.9724762
88.95130324
87.98098583
84.1789339
81.80090287
78.73520231
76.08111244
73.84761447
71.99874956
70.12044254
68.02779234
66.31466717
63.97110695
62.24467354
60.01040473
56.79245103
51.90274638
46.27717204
41.2622215
34.89474605
29.46519315
24.418072
19.98977514
16.32613879
16.32613879
18.74671109
16.90261335
0
0
36.15047229
36.15047229
43.18342726
63.77610221
66.65230421
74.90799014
85.78848218
103.3136187
122.3694483
143.271057
145.6444595
139.7378497
168.1811644
163.8061729
153.9613905
147.6745231
143.5205644
136.5149779
120.4917332
100.3997012
95.14482816
93.80815776
93.221575
91.86668164
88.24933542
84.93379634
81.83949365
78.95718931
76.32023648
73.84994312
71.53610614
68.88878348
66.01236276
64.32679739
62.94806401
61.16256068
58.50053052
54.92423212
50.34735684
46.78493077
43.18415164
38.36943252
33.60397469
28.53396033
23.58133288
19.48199829
16.39504155
16.39504155
16.32613879
16.32613879
16.32613879
18.74671109
0
0
143.9546624
97.32228245
110.1134529
121.6209205
130.5796565
136.3096515
139.4438919
136.005959
147.80815
169.8481132
163.9861849
152.7235839
150.032312
143.7627189
136.1904547
126.6484613
117.6903858
106.9099054
96.11437366
92.89113675
90.2007007
88.01394007
86.22696937
85.75497782
84.57248231
80.98046739
77.66645004
74.35229019
71.43591913
68.33019333
65.16713053
61.73285728
58.09382245
55.56968153
53.02926122
50.33823085
46.32799238
40.43852869
36.52288063
33.20473628
30.23884561
27.1487523
23.10109694
18.93505558
16.40325342
16.40325342
16.39504155
16.39504155
16.32613879
16.32613879
16.32613879
16.32613879
0
0
143.9546624
153.1172699
153.9720172
156.3400955
160.4136584
164.6750146
164.2479305
158.0550771
153.2154543
151.2089008
147.621698
142.6802887
134.6531556
122.8129229
111.0272344
104.2708092
97.51078031
93.92189219
91.27289574
89.17070974
86.95660934
85.67654586
84.04941952
81.9252792
79.87324827
77.53487895
74.3259348
71.34087294
68.20398183
64.71428652
60.50749126
55.43985214
49.835935
44.88569025
41.30926694
38.14710635
33.54125192
30.04539539
26.18450962
23.05096978
20.85831534
18.06043281
15.83408205
15.33537415
15.33537415
16.40325342
16.39504155
16.39504155
16.39504155
16.32613879
16.32613879
16.32613879
0
0
161.126227
161.126227
161.9169607
162.141377
158.8233694
157.1423963
152.1856524
147.9870557
144.4492608
138.5020208
131.242232
125.8050145
118.6963728
108.4634165
99.46296078
94.39625455
91.2497563
89.33907985
87.8825604
86.57318806
84.83319216
83.52231206
82.83144241
81.0321886
78.34188808
75.0584469
72.0118953
68.80316237
65.50843584
61.50280254
56.55201556
50.01009594
43.84286768
37.30383023
32.55144509
28.96749361
25.84654067
22.71879998
18.79135651
16.48529359
15.12632879
14.97376434
14.97376434
15.33537415
15.33537415
15.33537415
16.40325342
16.39504155
16.39504155
16.32613879
16.32613879
16.32613879
0
0
154.4433558
154.4433558
156.0357943
153.5697672
148.4337478
143.7337536
138.1370538
132.6913417
129.8827787
124.2204626
116.9292729
109.4233219
104.0489691
97.35941545
93.33984109
90.61767435
88.76473756
85.49699645
85.04975875
84.47396291
83.24348515
81.85564953
81.04715789
79.86050808
77.31054909
73.91607493
70.69214658
67.4442667
63.22561993
58.30736348
52.15117566
45.25145893
38.77927459
32.14046238
27.03917218
23.25089496
20.30763672
17.12016539
14.83996236
15.22344629
16.83714065
16.83714065
14.97376434
15.33537415
15.33537415
15.33537415
15.33537415
16.39504155
16.39504155
16.39504155
16.32613879
16.32613879
0
0
141.0817382
141.0817382
143.0901672
138.2221501
133.1345978
128.3031966
121.7098601
116.5895067
113.3898695
107.965498
102.7075638
98.30511103
94.96136167
92.62479659
90.81233673
89.16985203
87.74027857
85.26562305
82.48834476
82.31530408
81.60424313
80.22105062
79.17773929
77.61393102
75.22594374
72.57274949
69.53078214
65.8004496
61.29295093
55.19227383
47.74746493
40.47796381
34.24492918
28.55906239
23.52313476
19.32134869
16.22267438
15.02521281
15.83230009
15.83230009
16.83714065
16.83714065
16.83714065
14.97376434
15.33537415
15.33537415
15.33537415
15.33537415
16.39504155
16.39504155
16.32613879
16.32613879
0
0
141.0817382
126.0648317
126.0648317
120.9347631
118.0474017
112.5796766
107.0679662
102.9916746
99.19020315
96.22382807
93.88094481
91.69322379
89.56837993
87.86553058
87.83846744
87.80362973
86.71067886
85.41253115
82.42967496
80.25265249
79.42155575
78.0817332
76.58603421
74.64796761
72.51138275
70.44626568
66.96069764
62.87647188
57.97545147
51.39837548
44.26035981
37.55381628
30.20445434
25.04614622
20.5754501
16.7973999
15.95268
15.95268
15.83230009
15.83230009
16.83714065
16.83714065
16.83714065
16.83714065
15.33537415
15.33537415
15.33537415
15.33537415
16.39504155
16.39504155
16.39504155
16.32613879
0
0
109.3374866
109.3374866
109.3374866
106.8880665
103.4286541
99.53024376
96.2551359
93.6196506
91.43868215
89.78481849
88.79167333
87.94956896
87.03157667
85.88693136
84.54043727
83.52625856
83.78713488
82.73194734
80.62930741
78.57451272
76.70699823
74.9268658
73.09223221
70.9984323
68.47286962
65.71408069
62.40354775
57.42374666
51.62378557
46.05420518
40.97242767
33.25740621
26.31713721
21.09960573
17.93136598
16.22471683
16.22471683
15.95268
15.83230009
15.83230009
15.83230009
16.83714065
16.83714065
16.83714065
16.83714065
15.33537415
15.33537415
15.33537415
15.33537415
16.39504155
16.39504155
16.32613879
0
0
109.3374866
109.3374866
109.3374866
106.8880665
103.4286541
99.53024376
96.2551359
93.6196506
91.43868215
89.78481849
88.79167333
87.94956896
87.03157667
85.88693136
84.54043727
83.52625856
83.78713488
82.73194734
80.62930741
78.57451272
76.70699823
74.9268658
73.09223221
70.9984323
68.47286962
65.71408069
62.40354775
57.42374666
51.62378557
46.05420518
40.97242767
33.25740621
26.31713721
21.09960573
17.93136598
16.22471683
16.22471683
16.22471683
15.95268
15.83230009
15.83230009
16.83714065
16.83714065
16.83714065
16.83714065
15.33537415
15.33537415
15.33537415
15.33537415
15.33537415
16.39504155
16.39504155
0
0
