0
0
0
0
0
0
0
0
0
0
0
0
0
0
0
0
0
0
0
0
0
0
0
0
0
0
0
0
0
0
0
0
0
0
0
0
0
0
0.100020514
0.080733063
0.080733063
0.080733063
0.093202504
0.098288614
0.112700776
0.122389019
0
0
0
0
0
0
0
0
0
0
0
0
0
0
0
0
0
0
0
0
0
0
0
0
0
0
0
0
0
0
0
0
0
0
0
0
0
0
0
0
0
0
0
0
0
0
0.100020514
0.080733063
0.080733063
0.080733063
0.093202504
0.098288614
0.112700776
0.122389019
0
0
0
0
0
0
0
0
0
0
0
0
0
0
0
0
0
0
0
0
0
0
0
0
0
0
0
0
0
0
0
0
0
0
0
0
0
0
0.079433048
0.079433048
0.079433048
0.093199618
0.10916627
0.08769146
0.08769146
0.08769146
0.100020514
0.080733063
0.080733063
0.080733063
0.093202504
0.098288614
0.112700776
0.122389019
0
0
0
0
0
0
0
0
0
0
0
0
0
0
0
0
0
0
0
0
0
0
0
0
0
0
0
0
0
0
0
0
0
0
0
0
0
0
0.079433048
0.079433048
0.079433048
0.093199618
0.10916627
0.08769146
0.08769146
0.08769146
0.100020514
0.107550411
0.080733063
0.080733063
0.093202504
0.098288614
0.112700776
0.122389019
0
0
0
0
0
0
0
0
0
0
0
0
0
0
0
0
0
0
0
0
0
0
0
0
0
0
0
0
0
0
0
0
0
0
0
0
0
0
0.079433048
0.079433048
0.079433048
0.093199618
0.10916627
0.111640436
0.08769146
0.08769146
0.100020514
0.107550411
0.118505988
0.080733063
0.093202504
0.098288614
0.112700776
0.122389019
0
0
0
0
0
0
0
0
0
0
0
0
0
0
0
0
0
0
0
0
0
0
0
0
0
0
0
0
0
0
0
0
0
0
0
0
0
0
0.111373185
0.079433048
0.079433048
0.093199618
0.10916627
0.111640436
0.118472892
0.08769146
0.100020514
0.107550411
0.118505988
0.13164175
0.132160735
0.135981631
0.135041015
0.133828645
0
0
0
0
0
0
0
0
0
0
0
0
0
0
0
0
0
0
0
0
0
0
0
0
0
0
0
0
0
0
0
0
0
0
0.076426294
0.076426294
0.079184743
0.092027464
0.111373185
0.117719723
0.079433048
0.093199618
0.10916627
0.111640436
0.118472892
0.133666925
0.135870026
0.133148594
0.139318977
0.14274188
0.140853671
0.137657798
0.135350155
0.13354644
0.131765837
0.132575701
0.121460118
0.104428022
0
0
0
0
0
0
0
0
0
0
0
0
0
0
0
0
0
0
0
0
0
0
0
0
0
0
0
0
0
0
0.108577956
0.076426294
0.079184743
0.092027464
0.111373185
0.117719723
0.127968532
0.134037962
0.140915501
0.139772862
0.134588985
0.141081507
0.141448669
0.140242212
0.140026788
0.138386242
0.138176114
0.134031961
0.132246427
0.130020321
0.128763024
0.131505522
0.128237209
0.122636089
0
0
0
0
0
0
0
0
0
0
0
0
0
0
0
0
0
0
0.084560115
0.095415039
0.105898546
0.077188403
0.077188403
0.080504921
0.095258978
0.100909424
0.118524777
0.076245
0.082456368
0.093689904
0.108577956
0.121663048
0.127926488
0.1332205
0.13316656
0.143765526
0.142829671
0.14098526
0.141637556
0.140141371
0.139976166
0.139217232
0.138512785
0.137016591
0.136319556
0.134368507
0.132119909
0.130120179
0.128838941
0.127935696
0.125917003
0.123484596
0.122804624
0.117866951
0.108511023
0.104787389
0.092380826
0.092380826
0
0
0
0
0
0
0
0
0
0
0
0
0
0
0.084560115
0.095415039
0.105898546
0.112251864
0.077188403
0.080504921
0.095258978
0.100909424
0.118524777
0.123001199
0.125250031
0.126906894
0.135610849
0.139835735
0.142688773
0.141625117
0.139637607
0.141199061
0.139845738
0.13907419
0.138085573
0.137400874
0.137299699
0.135929506
0.133905322
0.131982521
0.130647114
0.129633044
0.128829144
0.127388668
0.126232828
0.124466329
0.121521158
0.117062643
0.111136413
0.103785554
0.096870132
0.093842494
0.089744933
0.089744933
0.103587636
0.103587636
0.080205581
0.080205581
0.080205581
0.089742759
0.100672744
0.07667109
0.07667109
0.08405175
0.101023148
0.111347503
0.114449205
0.078418843
0.084560115
0.095415039
0.105898546
0.112251864
0.123978054
0.127679732
0.136190681
0.142484568
0.141170533
0.136128627
0.133487418
0.135172187
0.137436641
0.140498439
0.14054749
0.140089046
0.139442479
0.13827146
0.136836878
0.13580675
0.134208758
0.132967581
0.131935947
0.130375493
0.129327658
0.128307532
0.12759449
0.127049047
0.125476279
0.124035355
0.121923327
0.118573784
0.113264109
0.106930207
0.100612907
0.093943366
0.087729786
0.081703017
0
0
0.103587636
0.103587636
0.109432961
0.080205581
0.080205581
0.089742759
0.100672744
0.118099555
0.07667109
0.08405175
0.101023148
0.111347503
0.114449205
0.125971201
0.134077113
0.135094732
0.141890902
0.145436577
0.151257041
0.158901287
0.156174474
0.149854097
0.143675142
0.138459512
0.138437023
0.13896547
0.139348664
0.139561396
0.138498733
0.137016662
0.136180858
0.134456767
0.132941692
0.13147529
0.130064159
0.128927153
0.128012641
0.127246168
0.12598712
0.125312191
0.124365464
0.1228669
0.120946637
0.117802432
0.113944946
0.108339532
0.102376518
0.09651643
0.090486229
0.084406312
0.084406312
0.081703017
0
0
0.103587636
0.103587636
0.109432961
0.123322919
0.080205581
0.089742759
0.100672744
0.118099555
0.118707606
0.125416749
0.137672966
0.144024254
0.15548536
0.160253254
0.155107611
0.155824485
0.160827215
0.160820932
0.159046121
0.154201345
0.14946304
0.144538412
0.140647542
0.139134061
0.137765922
0.136882485
0.13641218
0.135961621
0.134160343
0.133003286
0.131474832
0.13011614
0.12894574
0.127957243
0.126933913
0.125770063
0.124797776
0.123437708
0.122412488
0.121054649
0.119033157
0.115796714
0.111788684
0.107908389
0.102459907
0.097220029
0.091690511
0.086124248
0.080815441
0.080815441
0.084406312
0.081703017
0
0
0.103587636
0.103587636
0.109432961
0.123322919
0.124990833
0.129504567
0.134930004
0.142694619
0.150106256
0.157312069
0.158079887
0.156151356
0.164943228
0.163666942
0.160699207
0.158729291
0.157393229
0.155073448
0.149415432
0.141474346
0.139206376
0.13861487
0.138353342
0.137744623
0.136086589
0.134522633
0.133022258
0.131586951
0.130239956
0.128946974
0.127707007
0.126252019
0.124624315
0.123646432
0.122832645
0.12175934
0.120116184
0.117821284
0.11472119
0.112164408
0.109433527
0.105513724
0.101270059
0.096253488
0.090697062
0.08543187
0.080922678
0.080922678
0.080815441
0.080815441
0.080815441
0.084406312
0
0
0.157534184
0.140157033
0.145446819
0.149831812
0.153037962
0.155004139
0.156053809
0.154901483
0.158771804
0.165422998
0.163719954
0.16031615
0.159475256
0.157471898
0.154963868
0.151651759
0.148369869
0.144166257
0.13963162
0.138205485
0.13698706
0.135976983
0.13513785
0.13491409
0.134349518
0.132598398
0.130931788
0.129212432
0.127652662
0.12593984
0.124136246
0.122104597
0.119860402
0.118243294
0.116561249
0.114714809
0.111826422
0.107239123
0.10391669
0.100895435
0.098006605
0.094773347
0.090115549
0.084671678
0.080935437
0.080935437
0.080922678
0.080922678
0.080815441
0.080815441
0.080815441
0.080815441
0
0
0.157534184
0.160438231
0.160702486
0.161428945
0.162659649
0.16392241
0.163796959
0.161949952
0.160468642
0.159844252
0.158712477
0.157119483
0.154442127
0.150268269
0.145807053
0.143089943
0.140238593
0.138665439
0.137475777
0.13651356
0.135481999
0.134876821
0.134097945
0.133064407
0.132047208
0.13086456
0.129198538
0.127601055
0.125869048
0.123872865
0.121359872
0.118158694
0.114362322
0.110743609
0.107946324
0.105324394
0.101211414
0.09781128
0.093711017
0.090054359
0.087280269
0.083423167
0.080040212
0.079237008
0.079237008
0.080935437
0.080922678
0.080922678
0.080922678
0.080815441
0.080815441
0.080815441
0
0
0.162872531
0.162872531
0.163107945
0.163174601
0.162181993
0.161673209
0.160148958
0.158828678
0.1576944
0.155740228
0.153268545
0.15135021
0.148747432
0.144790722
0.141076543
0.138875872
0.137465274
0.136591235
0.135915716
0.135301415
0.134474485
0.133843268
0.133507682
0.132624011
0.131275614
0.129583391
0.127964337
0.126204288
0.124333878
0.121965601
0.118878822
0.114484828
0.109945024
0.104599007
0.100275426
0.096706209
0.093332094
0.089646475
0.084469384
0.081062663
0.078894856
0.078643044
0.078643044
0.079237008
0.079237008
0.079237008
0.080935437
0.080922678
0.080922678
0.080815441
0.080815441
0.080815441
0
0
0.160847739
0.160847739
0.161336054
0.160578262
0.158970457
0.157462493
0.155618292
0.153769862
0.152794506
0.150779634
0.148082625
0.145173292
0.142998561
0.140173109
0.138406168
0.137177624
0.13632583
0.134791407
0.13457808
0.134302221
0.133708074
0.133030198
0.132631422
0.132040833
0.130749743
0.128981995
0.127247474
0.125440899
0.122997502
0.11999486
0.115966337
0.111020551
0.105860691
0.099880818
0.094653984
0.09029785
0.086551365
0.082032431
0.078420711
0.079054222
0.081603295
0.081603295
0.078643044
0.079237008
0.079237008
0.079237008
0.079237008
0.080922678
0.080922678
0.080922678
0.080815441
0.080815441
0
0
0.156595383
0.156595383
0.157253163
0.155646744
0.153922396
0.152239072
0.149864487
0.147953952
0.146728441
0.144591294
0.142442921
0.140581022
0.13912555
0.138086029
0.137266367
0.136513164
0.135849289
0.134681147
0.133340265
0.133255635
0.132906505
0.132220946
0.131698117
0.130904963
0.129671008
0.12826609
0.12660855
0.124502376
0.121838483
0.117996969
0.112868673
0.107271386
0.101864903
0.096279834
0.09062704
0.085210165
0.080653814
0.078728162
0.080037374
0.080037374
0.081603295
0.081603295
0.081603295
0.078643044
0.079237008
0.079237008
0.079237008
0.079237008
0.080922678
0.080922678
0.080815441
0.080815441
0
0
0.156595383
0.151443259
0.151443259
0.149579138
0.148504134
0.146414087
0.144230097
0.142561049
0.140960194
0.13967943
0.138647238
0.137666219
0.136696846
0.135907769
0.135895138
0.135878875
0.135366238
0.134751181
0.133311586
0.132236705
0.131820747
0.131143441
0.130377253
0.129368069
0.128233156
0.127112843
0.12516655
0.122790037
0.119785714
0.115450527
0.110266357
0.104815259
0.097971946
0.092420463
0.086907578
0.081542632
0.080228596
0.080228596
0.080037374
0.080037374
0.081603295
0.081603295
0.081603295
0.081603295
0.079237008
0.079237008
0.079237008
0.079237008
0.080922678
0.080922678
0.080922678
0.080815441
0
0
0.145139183
0.145139183
0.145139183
0.144157431
0.142742271
0.141105207
0.139693097
0.138530955
0.137550968
0.136796353
0.136338305
0.135946972
0.135517239
0.134976737
0.134334139
0.133845179
0.133971366
0.133459185
0.132424184
0.131393529
0.130439621
0.129514462
0.128544075
0.127414704
0.126019753
0.124452596
0.122507688
0.119436146
0.115605544
0.111622759
0.107674028
0.100945041
0.093858768
0.087595367
0.083235336
0.080657011
0.080657011
0.080228596
0.080037374
0.080037374
0.080037374
0.081603295
0.081603295
0.081603295
0.081603295
0.079237008
0.079237008
0.079237008
0.079237008
0.080922678
0.080922678
0.080815441
0
0
0.145139183
0.145139183
0.145139183
0.144157431
0.142742271
0.141105207
0.139693097
0.138530955
0.137550968
0.136796353
0.136338305
0.135946972
0.135517239
0.134976737
0.134334139
0.133845179
0.133971366
0.133459185
0.132424184
0.131393529
0.130439621
0.129514462
0.128544075
0.127414704
0.126019753
0.124452596
0.122507688
0.119436146
0.115605544
0.111622759
0.107674028
0.100945041
0.093858768
0.087595367
0.083235336
0.080657011
0.080657011
0.080657011
0.080228596
0.080037374
0.080037374
0.081603295
0.081603295
0.081603295
0.081603295
0.079237008
0.079237008
0.079237008
0.079237008
0.079237008
0.080922678
0.080922678
0
0
